manage（管理员）：
85293475652
料子：


17868609113
17047786801
17868634411
13472828293
14088876115
14253247023
16192139510
14089136572
14072852964
13473312650
14072851266
13479812181
12154751525
14196356927
19292396122
12398491057
13473486710
19547705384
13472567864
14072886812
13472877311
13472527498
12108523321
16262715692
15057159254
13473707294
13472785287
18186335318
16192409402
13472595181
14159608209
13103679267
13472136858
19546872403
13472573968
19176874392
19292317026
19195204140
16262771469
19176839592
17868970259
12134790471
19547733769
19546878130
13473536893
13473588621
13479947883
17042314673
18082658568
13472772787
17868683128
17869306221
18082760937
19176868296
17869300194
16192009786
13479855195
14695691057
12317353712
13472325928
13192420062
13472169924
13473851973
16192134745
13472592278
13472849882
13474590806
16192213131
14158498070
14158284316
13232470934
13479651383
17868813820
14323496510
19033524266
13472248359
13479969659
19099776552
19546731902
18327824970
13472367621
14088922314
13473395286
16465268512
13472342343
15403038661
13473372960
13472487364
18082303421
19547323207
17868729019
18057469738
13473577430
12026840668
14158307007
12015510566
13473729438
14089170711
19542589753
13472181876
15402201224
19547098105
16026688902
17863396152
13477225661
13472905317
13472564142
13472472759
14088910467
13472766482
13472366978
13472326712
17869160595
13109710047
13476242407
13472794858
13474161305
13473354760
13472419464
19547295826
17868635192
14043965059
13472102444
13472574592
14158194734
13479980541
17868770674
13479863267
14072896446
17868613043
13473588243
13472478189
17866979076
16827182734
17329783724
17869138702
19176860964
13472399940
13472497204
15715282926
13472568161
14089159130
14845690983
19293431952
14158166895
14805601573
13473579925
13472765669
13472592440
13472848577
14072854684
13473319818
16174613053
12014711685
13473557659
12154750154
16785174164
13472315661
19176736823
13022301109
15138065431
16782351448
13472444801
17868052871
13473378847
16192284395
19547084939
18082589522
17869070048
14158320736
13472379504
19547030789
13479944526
17867595386
13472828630
13854201221
13479698718
17868774393
14072854651
16192191766
18183349828
17869070816
13473304228
13473810384
17868600283
14089106745
17868538876
14077134764
19176887575
14104566220
14253816771
17204169136
13472640946
17868591489
19176841616
19392858531
13013648053
13473372300
13473647639
13473391666
13472317148
13472773389
14158157715
16309652838
18572695902
13473576682
13479615766
17869429088
17178303738
12134792160
13473878810
19547013430
14047881672
13473740558
13472393702
14088936943
13479845780
12393983804
13472609854
19193571102
13472766580
16123604641
13473378520
17869101660
13473889348
16303328181
17869010188
14045808698
14802529843
17868561081
13479864261
14088875840
17868565299
19176902867
13473367955
19199952293
19199864253
19176831605
19547403110
12396916602
13472683728
14158288088
13479927791
16192083577
17869259039
12017395393
13472791997
13473646027
12075214622
16159736636
13472724336
19176860078
19257862027
17869084098
13473391864
17204279064
16192068902
13103456065
13479815537
19547090467
17869421400
19176878471
13479944631
19176854094
14753139465
17868607927
16266653462
14358304401
17868572872
17869256463
19176823332
14048251080
14694122176
15307461744
13472612154
14158280980
18082644876
17869151066
17868738736
17868652227
17868793663
14158439382
13473376650
13473375282
13479925306
12108239377
13479672401
14089217052
13473677527
13479775985
13472779635
17868774177
17869094407
17869152278
16106083464
19546967274
19546832221
18644238446
19568215756
18023805180
19092058092
19045257925
13473862884
17868735465
18328787719
13472418753
13473729435
14089124965
13156516482
13473315082
17868672023
18134313760
18082284999
14798803328
13472545622
14089212132
13473790197
17869151527
17868970176
13479863376
12154703434
13472335245
16262783436
13526150256
17868165436
19155403688
19176907059
16123680889
13472519824
13479896062
19562853338
19176871544
13172057984
17073194926
13473855386
13473374692
13472553031
14088909760
13473314834
19802500445
12818183975
14089178872
13479923866
13472484778
13473406462
19547010290
13473648817
17864705287
16192129291
13472615014
19735578517
14158451087
13472784914
15619296081
13472412480
18135063592
13472676771
18172336684
17868593967
15512507859
16192083461
13479879005
17868573662
13472675520
13472795221
19547736139
19176885394
19547591198
17272378002
16123664455
14079904060
13472621779
13472515022
13479872123
14158450773
13479819182
19186955050
14158286310
14072835453
17868730063
19547084462
19547733550
13055879513
17874446437
16123777778
13103408945
19547783718
13479624193
13472103793
13472640484
17868591099
18082328513
14072880040
12027655282
13472251921
13479986872
17869133713
13236321616
19546835194
19062315626
19176871371
19197462886
19547290457
19167160521
19176878375
13473559515
16266653679
14088935797
13479905025
17188082010
17172027828
18478467572
19072327453
17868588512
13479771062
13479685991
13479651957
17868594030
19547273454
19176887913
13479694485
13472810961
13473513326
13473317591
13473560929
13473459421
13473830669
12075224482
13473410214
16192003272
19146720841
16192148336
12247950330
16097214999
13479863275
19106275716
14072838041
14158139226
17868615311
16304016030
17869183612
13462856356
12104597894
19174078265
16192274529
16504301099
13108934000
17868783310
19176825787
13528159555
17868624854
13472133045
19176868833
17869090059
14152253223
12057450810
17872362817
14123378695
19547015717
13472428841
15302154669
13473729610
13479631073
16266646482
19172259827
17868688522
19543094976
17869201269
15129471534
13473455238
16123857834
14072807856
16194818651
19786417336
17868591678
15129851081
19547369611
17869256586
13479962960
13473302094
18455440781
13479886966
12248134213
17869072152
17868632451
17872267802
17868796522
17869300114
19546994649
15129605185
19547562747
13472613228
19563559124
17138704379
13473459298
14015853684
13472812338
16164697104
16467705656
13472323411
17868733766
13472480718
19176896555
17039552051
13479846082
16262035189
16123827938
18082274076
14158252564
13472339333
19546999970
19547093018
14155174535
13472745625
18587322916
13473519363
18174801617
17869151623
13473834690
19176858000
19546874347
18626821115
16192040311
12145665884
13479955576
13472136592
17047261452
16199092743
13472244420
19547091845
13239968283
18139574900
19546997268
19294549213
14089215674
13472629632
13172220280
13473361372
14072842439
13473456569
13479887561
17868791231
16266656602
15612601171
15512259225
13479651670
17868590955
19132133555
16892422267
13472617791
17869094142
13479824983
13479957496
15088408304
19144107950
13472498103
13473870609
18082277772
17868652304
13472667803
14437437156
19547089524
13472802345
19547015365
13472289257
13472473189
13473852027
13479929866
13472416091
13472420343
16266640734
19547340128
13473689204
13473833889
18433849663
13479818855
13473751282
19547169942
13479615486
15044816930
13057313170
12242530185
13472549983
19512648753
16192153284
13473364296
13472677915
13479871568
19162983119
19547616394
16192077998
13479687643
14072882092
13479757030
17868672139
13472805433
13479659538
14072837733
19176834164
17202171302
16266653661
13476089851
13472441541
16123914465
16192272630
19547165406
19544965771
13472174651
16124231235
17868616828
18632410427
14158506777
17869250744
19412840477
14088913888
19546843301
14752188283
16123604927
16508344959
13472581216
16692937466
19176822124
19547704616
13479863602
15184157901
17869258661
13473883452
13473613944
13473449215
12017252141
17869147285
17868684485
19547010539
13473759246
14845222124
13479946167
13479904559
13472652840
13472614186
13473693081
13472799673
16783655432
17868738470
19547085026
17869258499
19176875382
17868700979
19547095378
13472491176
17814285491
13472783894
19083989077
16192273193
13472773417
14072833205
12154707223
13472429422
13479651981
17865672882
14075306631
12246237064
13479947339
16123862946
19547077427
19547325564
13059274413
16192123116
15629007865
13479813001
18082641609
16465770016
13472767414
13472765652
19176899341
13472606836
17868673575
13479986659
19547063349
13479656245
17874367659
16192276962
13473870371
13472289463
13473407452
19547702795
13473413314
13472624407
19547708987
17868735571
13473400020
17657759074
13472858354
13472131109
15038999463
12066510700
17868631157
13472591926
13472797896
16234990182
19562799416
13479982670
15073518634
13473585368
13472725917
13479840003
13479718338
19547018065
16192273656
13479933693
14088931681
14088888738
16072326337
13103670488
18328825882
13472542961
15753025441
16192272625
17869186127
17868566551
13473512960
15717224147
16156387580
14158608596
16192019649
13479817073
16266645667
19547159939
12405248606
13472541666
19139445079
14706940477
13472353722
17737011060
13472792249
16192077849
14158277139
13472285520
13472365927
18052595636
13472851778
13473697154
19093278381
19176897661
13473698961
13479775705
13479813561
13472337293
19547098224
13473357298
13472106294
19255940079
12093002440
13055257982
18082343482
16192281222
13472640795
13473567745
13179353214
19176862081
15153309966








